0 0 17 4950000 0 1
0 0 13 4400000 0 0
출발지점 114 37 0 
무용학과 100 37 0 -1 50000 65000 84500 65000 87500 126750 
회화과 86 37 0 -1 100000 130000 169000 150000 195000 253500 
뷰티디자인 72 37 0 -1 150000 195000 253500 225000 292500 380250 
황금열쇠 58 37 0 
패션디자인 44 37 0 -1 250000 325000 422500 375000 497500 633750 
의류패션 30 37 0 -1 300000 390000 507000 450000 585000 760500 
패션학부 16 37 0 -1 350000 455000 591500 525000 682500 887250 
MT지역 2 37 0 
공공인재학과 2 32 0 -1 400000 520000 676000 600000 780000 1014000 
부동산학과 2 27 0 -1 450000 585000 760500 675000 877500 1140750 
무역학과 2 22 1 0 500000 650000 845000 1500000 1950000 2535000 
경제학과 2 17 0 -1 550000 715000 929500 825000 1072500 1394250 
행정학과 2 12 2 0 600000 780000 1014000 900000 1170000 1521000 
경영학부 2 7 0 -1 650000 845000 1098500 975000 1267500 1647750 
대학축제 2 2 0 
미디어컨텐츠 16 2 0 -1 700000 910000 1183000 1050000 1365000 1774500 
영문학전공 30 2 1 0 750000 975000 1267500 1125000 1462500 1901250 
역사문화학 44 2 1 0 800000 1040000 1352000 1200000 1560000 2028000 
황금열쇠 58 2 0 
응용인문부 72 2 0 -1 90000 1170000 1521000 1350000 1755000 2281500 
영어학전공 86 2 0 -1 95000 1235000 1605500 1425000 1952500 2408250 
한국어문학 100 2 0 -1 1000000 1300000 1690000 1500000 1950000 2535000 
셔틀버스 114 2 0 
컴퓨터공학 114 7 0 -1 1050000 1365000 1774500 1575000 2047500 2661750 
전자정보공학 114 12 0 -1 1100000 1430000 1859000 1650000 2145000 2788500 
IT응용시스템 114 17 0 -1 1150000 1495000 1943500 1725000 2242500 2915250 
산업경영 114 22 0 -1 1200000 1560000 2028000 1900000 2340000 3042000 
기계시스템 114 27 0 -1 1250000 1625000 2112500 1875000 2437500 3168750 
멀티공학 114 32 0 -1 1300000 1690000 2197000 1950000 2535000 3295500 
1