무용학과 50000 65000 84500 65000 87500 126750
회화과 100000 130000 169000 150000 195000 253500
뷰티디자인 150000 195000 253500 225000 292500 380250
황금열쇠
패션디자인 250000 325000 422500 375000 497500 633750
의류패션 300000 390000 507000 450000 585000 760500
패션학부 350000 455000 591500 525000 682500 887250
MT지역
공공인재학과 400000 520000 676000 600000 780000 1014000
부동산학과 450000 585000 760500 675000 877500 1140750
무역학과 500000 650000 845000 750000 975000 1267500
경제학과 550000 715000 929500 825000 1072500 1394250
행정학과 600000 780000 1014000 900000 1170000 1521000
경영학부 650000 845000 1098500 975000 1267500 1647750
대학축제
미디어컨텐츠 700000 910000 1183000 1050000 1365000 1774500
영문학전공 750000 975000 1267500 1125000 1462500 1901250
역사문화학 800000 1040000 1352000 1200000 1560000 2028000
황금열쇠
응용인문부 90000 1170000 1521000 1350000 1755000 2281500
영어학전공 95000 1235000 1605500 1425000 1952500 2408250
한국어문학 1000000 1300000 1690000 1500000 1950000 2535000
셔틀버스
컴퓨터공학 1050000 1365000 1774500 1575000 2047500 2661750
전자정보공학 1100000 1430000 1859000 1650000 2145000 2788500
IT응용시스템 1150000 1495000 1943500 1725000 2242500 2915250
산업경영 1200000 1560000 2028000 1900000 2340000 3042000
기계시스템 1250000 1625000 2112500 1875000 2437500 3168750
멀티공학 1300000 1690000 2197000 1950000 2535000 3295500